1202697065356984421
1198777240004075640
1196810817514000394
1195863516813471744
1195553528681332847
1194786006885486684
1194782188374335628
1194583760356786186
1193278750369001492
1190731262927831070
1187634958601293864
1187212856198963321
1181955047559528609
1166038648794402917
1159162154025492640
1159029988931153940
1158579799133011968
1152596180182777960
1151525500532035614
1149306456898805820
1140705506068025507
1132019700960866374
1121341538560118835
1113963080347553922
1107059586621526148
1105221236721729547
1102368025048522802
1085822246041419816
1063514101508227252
1060802706282917888
1058897968792621136
1057496142805471302
1055225983155839038
1053021134985105479
1052830309625901106
1051955662403407972
1037972195009368075
1035422254101692458
1034859510629679155
1030686064714711100
1014814716163530814
1013853494664511599
995081303240212550
985825700508500000
979718261358882846
976712195956154369
966255272001679360
955142269390962748
944727804669464656
944316086491443250
